[[-174.88888889  -53.26111111   -0.68888889],
[-174.88888889  -53.26111111   -0.68888889],
[-152.88888889  120.73888889   27.31111111],
[-150.88888889   94.73888889   33.31111111],
[-150.88888889   94.73888889   33.31111111],
[-150.88888889  172.73888889 -122.68888889],
[-147.88888889 -129.26111111 -121.68888889],
[-147.88888889 -129.26111111 -121.68888889],
[-146.88888889   86.73888889   37.31111111],
[-146.88888889 -133.26111111 -121.68888889],
[-142.88888889   80.73888889   39.31111111],
[-142.88888889  103.73888889   36.31111111],
[-141.88888889  102.73888889   36.31111111],
[-141.88888889  -91.26111111    6.31111111],
[-141.88888889  -91.26111111    6.31111111],
[-140.88888889   87.73888889   39.31111111],
[-137.88888889  105.73888889   37.31111111],
[-137.88888889  105.73888889   37.31111111],
[-137.88888889  143.73888889   30.31111111],
[-137.88888889  143.73888889   30.31111111],
[-135.88888889  103.73888889   39.31111111],
[-134.88888889  108.73888889   38.31111111],
[-134.88888889  108.73888889   38.31111111],
[-134.88888889 -125.26111111 -117.68888889],
[-134.88888889 -125.26111111 -117.68888889],
[-133.88888889   94.73888889   41.31111111],
[-120.88888889  139.73888889   41.31111111],
[-120.88888889  139.73888889   41.31111111],
[-118.88888889  132.73888889   43.31111111],
[-118.88888889  132.73888889   43.31111111],
[-113.88888889  122.73888889   46.31111111],
[-91.88888889 116.73888889  56.31111111],
[-88.88888889  67.73888889  63.31111111],
[-79.88888889  58.73888889  68.31111111],
[-79.88888889  58.73888889  68.31111111],
[-78.88888889  64.73888889  68.31111111],
[-78.88888889  -5.26111111  75.31111111],
[-78.88888889  -5.26111111  75.31111111],
[-78.88888889 141.73888889  18.31111111],
[-77.88888889 132.73888889  21.31111111],
[-77.88888889  -3.26111111  75.31111111],
[-76.88888889  13.73888889  74.31111111],
[-76.88888889   2.73888889  75.31111111],
[-75.88888889 141.73888889  16.31111111],
[-69.88888889   1.73888889  78.31111111],
[-63.88888889  31.73888889  77.31111111],
[-63.88888889  31.73888889  77.31111111],
[-61.88888889  26.73888889  78.31111111],
[-60.88888889 133.73888889  16.31111111],
[-59.88888889 162.73888889 -33.68888889],
[-58.88888889  19.73888889  80.31111111],
[ -56.88888889 -179.26111111  -93.68888889],
[-55.88888889  38.73888889  48.31111111],
[-55.88888889  38.73888889  48.31111111],
[-54.88888889 175.73888889 -57.68888889],
[ -52.88888889 -176.26111111  -91.68888889],
[ -52.88888889 -176.26111111  -91.68888889],
[-51.88888889  19.73888889  72.31111111],
[-50.88888889  18.73888889  65.31111111],
[ -45.88888889 -203.26111111  -88.68888889],
[ -45.88888889 -203.26111111  -88.68888889],
[ -45.88888889 -203.26111111  -88.68888889],
[-43.88888889 100.73888889  24.31111111],
[ -38.88888889 -191.26111111  -85.68888889],
[ -38.88888889 -191.26111111  -85.68888889],
[ -35.88888889 -177.26111111  -84.68888889],
[ -35.88888889 -205.26111111  -84.68888889],
[ -35.88888889 -205.26111111  -84.68888889],
[-30.88888889 160.73888889 -23.68888889],
[-30.88888889 -49.26111111  60.31111111],
[-28.88888889  -9.26111111  57.31111111],
[ -28.88888889 -193.26111111  -81.68888889],
[-27.88888889   9.73888889  51.31111111],
[-26.88888889 -13.26111111  57.31111111],
[ -26.88888889 -198.26111111  -80.68888889],
[ -25.88888889 -198.26111111  -80.68888889],
[-23.88888889 118.73888889  12.31111111],
[ -23.88888889 -190.26111111  -80.68888889],
[ -23.88888889 -190.26111111  -80.68888889],
[-21.88888889  10.73888889  49.31111111],
[ -21.88888889 -184.26111111  -79.68888889],
[ -21.88888889 -184.26111111  -79.68888889],
[ -17.88888889 -189.26111111  -77.68888889],
[ -17.88888889 -189.26111111  -77.68888889],
[-13.88888889 163.73888889 -95.68888889],
[ -13.88888889 -180.26111111  -76.68888889],
[ -10.88888889 -186.26111111  -75.68888889],
[  -7.88888889 -194.26111111  -74.68888889],
[  -7.88888889 -194.26111111  -74.68888889],
[ -4.88888889 -21.26111111  57.31111111],
[ -4.88888889 -21.26111111  57.31111111],
[  -2.88888889 -182.26111111  -73.68888889],
[ -2.88888889 -19.26111111  55.31111111],
[-1.88888889  9.73888889 43.31111111],
[-0.88888889 45.73888889 42.31111111],
[ 0.11111111  7.73888889 43.31111111],
[ 7.11111111 71.73888889 35.31111111],
[  8.11111111 171.73888889 -36.68888889],
[  9.11111111 177.73888889 -71.68888889],
[  9.11111111 167.73888889 -52.68888889],
[  9.11111111 167.73888889 -52.68888889],
[10.11111111 83.73888889 37.31111111],
[11.11111111 30.73888889 39.31111111],
[  11.11111111 -191.26111111  -68.68888889],
[12.11111111 38.73888889 51.31111111],
[ 16.11111111 156.73888889 -63.68888889],
[  18.11111111 -185.26111111  -65.68888889],
[18.11111111 87.73888889 38.31111111],
[ 20.11111111 -28.26111111  52.31111111],
[22.11111111 26.73888889 34.31111111],
[23.11111111 -3.26111111 41.31111111],
[25.11111111 79.73888889 40.31111111],
[30.11111111  9.73888889 34.31111111],
[30.11111111  9.73888889 34.31111111],
[ 35.11111111 133.73888889 -12.68888889],
[ 41.11111111 -35.26111111  30.31111111],
[42.11111111 26.73888889 26.31111111],
[44.11111111 24.73888889 25.31111111],
[44.11111111 24.73888889 25.31111111],
[45.11111111 42.73888889 47.31111111],
[45.11111111 35.73888889 34.31111111],
[47.11111111 25.73888889 24.31111111],
[ 56.11111111 -15.26111111  29.31111111],
[ 57.11111111 -40.26111111   6.31111111],
[59.11111111 11.73888889 22.31111111],
[ 59.11111111 -15.26111111  26.31111111],
[59.11111111 34.73888889 25.31111111],
[61.11111111 19.73888889 20.31111111],
[64.11111111 -0.26111111 20.31111111],
[64.11111111 71.73888889 18.31111111],
[65.11111111 -6.26111111 21.31111111],
[65.11111111 -6.26111111 21.31111111],
[67.11111111 10.73888889 19.31111111],
[ 69.11111111 149.73888889 -43.68888889],
[71.11111111 17.73888889 17.31111111],
[73.11111111 59.73888889 18.31111111],
[78.11111111  9.73888889 15.31111111],
[79.11111111 42.73888889 24.31111111],
[79.11111111 42.73888889 24.31111111],
[79.11111111  9.73888889 15.31111111],
[ 81.11111111 -11.26111111  17.31111111],
[100.11111111 107.73888889 -18.68888889],
[110.11111111 103.73888889  -9.68888889],
[113.11111111 -47.26111111 -21.68888889],
[117.11111111  11.73888889  -0.68888889],
[117.11111111 -22.26111111  11.31111111],
[117.11111111 -22.26111111  11.31111111],
[117.11111111 -42.26111111 -25.68888889],
[117.11111111 -35.26111111 -18.68888889],
[118.11111111 -31.26111111   0.31111111],
[118.11111111 -31.26111111   0.31111111],
[120.11111111 -56.26111111 -24.68888889],
[120.11111111 -42.26111111 -24.68888889],
[123.11111111 -31.26111111  -2.68888889],
[127.11111111 -35.26111111 -20.68888889],
[127.11111111  74.73888889  -8.68888889],
[129.11111111 -30.26111111  -7.68888889],
[130.11111111 -23.26111111   3.31111111],
[132.11111111   5.73888889  -9.68888889],
[132.11111111   5.73888889  -9.68888889],
[133.11111111 -30.26111111 -16.68888889],
[136.11111111 -19.26111111  -1.68888889],
[138.11111111  57.73888889  -6.68888889],
[139.11111111 -23.26111111  -3.68888889],
[139.11111111 -23.26111111  -3.68888889],
[142.11111111 -18.26111111  -7.68888889],
[142.11111111  -3.26111111 -11.68888889],
[143.11111111 -10.26111111 -10.68888889],
[144.11111111  51.73888889  -8.68888889],
[144.11111111  51.73888889  -8.68888889],
[147.11111111   5.73888889  -9.68888889],
[147.11111111   5.73888889  -9.68888889],
[147.11111111 -76.26111111 -14.68888889],
[147.11111111 -76.26111111 -14.68888889],
[148.11111111   0.73888889  -9.68888889],
[148.11111111   0.73888889  -9.68888889],
[152.11111111  -3.26111111  -7.68888889],
[153.11111111 -10.26111111  -7.68888889],
[153.11111111 -10.26111111  -7.68888889],
[153.11111111 -75.26111111 -11.68888889],
[ -85.66614481 -219.75884033 -376.29322097],
[ -85.66614481 -219.75884033 -376.29322097],
[  16.48227779 -227.25021326 -413.42244249],
[  16.48227779 -227.25021326 -413.42244249],
[  13.30604305 -228.02720398 -403.60878781],
[  13.30604305 -228.02720398 -403.60878781],
[ -53.39374242 -193.71269407 -344.52703912],
[-164.25147122  127.50072346 -100.73716164],
[ -16.36625869  117.3140508  -177.58893855],
[-161.49778027  135.07823809  -96.49470267],
[-161.49778027  135.07823809  -96.49470267],
[   1.98945807 -227.12479256 -380.19681314],
[   1.98945807 -227.12479256 -380.19681314],
[-157.3855416   147.53178381  -88.87901543],
[-157.3855416   147.53178381  -88.87901543],
[ -42.35562469  186.67433758 -115.59939529],
[-93.23799577 194.36063529 -84.27999012],
[-98.37678767 198.04274255 -75.97126555],
[-284.44241094 -209.11595162 -211.12444382],
[-283.5339454  -209.08093867 -211.54093447],
[   3.57285621 -228.2668049  -350.42789213],
[   3.57285621 -228.2668049  -350.42789213],
[-73.29212927 218.15079933 -29.16927878],
[  8.75347579 217.7216747  -66.33558803],
[ 19.6550622  218.14183018 -71.33347589],
[  8.5787994  218.94738911 -61.81152875],
[ 54.24918758 219.29229375 -79.81421424],
[-20.70336959 221.22723645 -41.45577096],
[ 83.50230627 213.70903694 -93.30800133],
[-30.90776236 224.24235588 -29.84631693],
[  21.51542323 -230.08747473 -311.44392812],
[  21.09363539 -227.4560171  -309.7417161 ],
[  44.5390629  -225.31996581 -316.04641385],
[  20.75258378 -234.65161158 -308.68952603],
[-30.77043744 229.3602553  -19.51247701],
[  33.36960837 -163.14882876 -272.75677301],
[ 53.19358406 232.12453726 -57.02783173],
[ 53.19358406 232.12453726 -57.02783173],
[102.27901726 241.4877127  -74.02639617],
[101.37055173 241.45269974 -73.60990551],
[  44.20969579 -131.61305582 -251.26287784],
[  5.45688551 245.62254879  -3.95230727],
[  75.95619759 -220.77742667 -302.35959588],
[ 56.8127379  148.03834977 -73.00953374],
[ 48.78971939 137.71615225 -62.56523327],
[-51.12565808 267.01171083  64.10589949],
[ 67.74526111 122.37761089 -72.92943064],
[-51.7221223  270.86888288  70.33217078],
[-51.7221223  270.86888288  70.33217078],
[-51.7221223  270.86888288  70.33217078],
[-47.87774422 271.77773904  73.99205297],
[-47.00587419 273.98729954  76.07955987],
[  47.95295557  -80.7377695  -169.19160852],
[-23.19184161 146.68852318   2.07338858],
[-23.19184161 146.68852318   2.07338858],
[-299.62904019 -213.93553639  -69.38123271],
[-295.39946977 -213.48359032  -64.91956499],
[-294.10581191 -213.90548745  -64.53427011],
[-17.97306944 137.3484301    5.46854369],
[  77.95911572 -212.04369777 -237.23118197],
[-22.16680029 138.89100277  10.85678006],
[  78.34430805 -212.50060785 -236.42939643],
[  78.34430805 -212.50060785 -236.42939643],
[-27.23240117 138.22401494  14.15750952],
[ 16.1426794  126.18539977 -12.29384452],
[ 20.19832938 123.69399397 -15.66201916],
[ 20.19832938 123.69399397 -15.66201916],
[-300.91590879 -214.82253     -53.0546528 ],
[-300.91590879 -214.82253     -53.0546528 ],
[  93.22835342 -210.22276308 -239.78746383],
[ -6.35014185 116.43185687  -4.55166182],
[ 39.91671054 112.91958946 -28.78061861],
[ 39.91671054 112.91958946 -28.78061861],
[-63.29146993 175.1347086   56.25672868],
[ 15.09613299 125.20155368  -9.85729214],
[ 32.22719843 115.27094343 -23.74648135],
[ 32.22719843 115.27094343 -23.74648135],
[  3.05481596 111.02714813 -10.90271622],
[ 34.29124095 113.93522613 -21.7576154 ],
[ 34.29124095 113.93522613 -21.7576154 ],
[-299.79692731 -214.01871271  -48.14529865],
[  79.74699649 -215.27708133 -231.20219258],
[ 55.82655319 103.23084753 -35.70919617],
[ 55.82655319 103.23084753 -35.70919617],
[  94.59444635 -210.82468901 -232.05626241],
[  94.59444635 -210.82468901 -232.05626241],
[  96.75997424 -209.03702564 -229.58346064],
[ 107.23561094  -89.95792774 -165.50983519],
[  90.78590783 -209.73902643 -225.86624052],
[ 13.43237322 115.12444686  -2.32842625],
[ 28.25152874 112.10436341  -8.67442703],
[ 2.40855231 98.63047792  1.05156799],
[-290.11731964 -209.18762261  -33.82867321],
[-290.11731964 -209.18762261  -33.82867321],
[-290.11731964 -209.18762261  -33.82867321],
[-306.99297246 -210.30977888  -25.11356524],
[ 104.37553939 -202.87021824 -217.25570115],
[ 103.85226618 -203.36214128 -216.03742496],
[-291.68713925 -210.66339174  -30.17384465],
[ 65.10852055  85.92139163 -31.32424254],
[ 117.82784602 -201.11930947 -218.9790017 ],
[119.80622696   1.70455851 -94.36935285],
[-25.13063258 109.49851255  37.93624121],
[-285.25620139 -206.42926355  -13.38947106],
[44.70728022 86.47367348 -3.74736133],
[-285.56895865 -206.15238227   -6.84535006],
[-34.93398665  96.93174157  46.70952544],
[ 5.47613107 80.71587372 23.04376926],
[136.06391047  -2.09747967 -85.63824568],
[10.82543891 77.80257079 20.0608895 ],
[15.26628122 74.8542549  17.4945004 ],
[ 30.1544734  109.37657906  31.26224777],
[ 30.1544734  109.37657906  31.26224777],
[ 37.25582245 101.23537383  24.45845332],
[ 37.25582245 101.23537383  24.45845332],
[ 9.25561929 76.32680166 23.71571807],
[14.34951452 84.46626525 25.90691954],
[14.34951452 84.46626525 25.90691954],
[ 24.14381148 110.84912582  37.48346544],
[ 24.14381148 110.84912582  37.48346544],
[ 19.52829279 115.02315613  44.57391383],
[ 19.52829279 115.02315613  44.57391383],
[ 13.16903405 114.77806543  47.48934841],
[-56.52325267 133.27378061  91.51086238],
[ 25.75777182 104.67239039  35.68261247],
[-24.92577535  86.36097006  50.84407454],
[32.37244317 93.86471457 27.59309666],
[32.37244317 93.86471457 27.59309666],
[40.93382531 93.72292109 24.6464663 ],
[40.93382531 93.72292109 24.6464663 ],
[17.40200286 77.50757508 39.18317452],
[32.9108068  83.40072357 35.09076677],
[-45.32286887 119.15773129  95.54677052],
[11.7316366  90.34478261 56.70610377],
[11.7316366  90.34478261 56.70610377],
[-55.09792859 114.06343608 109.81198568],
[-19.18599782  90.01999888  90.08265838],
[-12.01975891  87.17672186  86.26679731],
[ 6.4981486  89.59461846 81.24276729],
[70.14733223 32.85449489 20.82472529],
[17.32654399 94.36386904 81.25287454],
[17.32654399 94.36386904 81.25287454],
[20.72083989 90.43170706 81.12303781],
[25.16168219 87.48339117 78.55664871],
[12.82835704 86.53629969 85.18930341],
[62.3555788  36.25153447 37.72882836],
[62.3555788  36.25153447 37.72882836],
[48.81347883 58.1437674  60.451981  ],
[-118.64863559   42.33124129  135.63445402],
[156.2795316  -70.282912   -56.87932566],
[ 133.47056222 -116.1731193   -72.07273837],
[ 135.25089778 -113.92854584  -70.40172213],
[ 135.25089778 -113.92854584  -70.40172213],
[-10.50955179  90.38380462 121.04371342],
[ 144.95955574 -105.79404627  -62.9470674 ],
[ 138.73762193 -100.92123755  -49.69779289],
[15.21723099 16.50807012 96.51804319],
[-23.84829889  23.34064554 139.13494463],
[-15.38085691  14.59751438 140.06235159],
[-39.98676417 -14.24321977 139.18977961],
[-22.50295509   9.78828683 145.73218826],
[-13.1711883    8.73267319 144.38912897],
[ 46.37744869 -33.69447374  97.83918765],
[ 46.37744869 -33.69447374  97.83918765],
[130.92133962 -89.6292993   27.84186058],
[131.72831979 -92.71766702  26.9414341 ],
[ 134.41297407 -122.68256      11.07014492],
[-16.12106072  -6.40049352 155.89067312],
[ -3.5040286   -9.0336928  149.57586812],
[-27.09583815  -2.47155392 165.89655609],
[ 33.28052814 -35.03663578 119.58014607],
[-29.5741233   -3.98233601 169.96787531],
[ -0.34929895 -17.03806858 150.98215729],
[-26.14323189 -10.08904553 167.33404103],
[ 58.66851962 -54.47918153 101.29251901],
[ 25.14847906 -43.00425696 125.18253756],
[ -5.93817303 -18.19697945 155.50116294],
[ -5.93817303 -18.19697945 155.50116294],
[  9.01906336 -20.26822977 147.13510044],
[-15.86640405 -13.28419376 163.07049353],
[ 46.68379129 -53.70863555 111.2309568 ],
[ 33.18658799 -43.63797347 123.45418339],
[ 33.18658799 -43.63797347 123.45418339],
[-33.20044022  -9.60034485 175.99181108],
[  0.18151947 -22.02410255 154.12185425],
[  0.18151947 -22.02410255 154.12185425],
[-27.42934455 -15.14510542 171.3067193 ],
[-27.42934455 -15.14510542 171.3067193 ],
[ 50.56476488 -54.97432694 112.38684144],
[ 26.5511675  -45.78073043 130.40974142],
[-29.80614433 -13.53250683 175.86197435],
[-52.78149646   6.29195907 199.44425045],
[-52.78149646   6.29195907 199.44425045],
[ 46.79282187 -56.0632119  116.07286578],
[ 46.79282187 -56.0632119  116.07286578],
[ -3.30671658 -26.69327827 158.12572829],
[ 11.1272466  -29.25645163 150.97794198],
[-15.29144491 -25.9227323  168.06416608],
[ 43.79126352 -58.06591703 121.36246119],
[-21.16402596 -23.50135241 172.26532203],
[ -0.9589671  -31.60928633 160.43244394],
[-18.15492239 -26.9766043  171.33369977],
[ 112.78145383 -108.07232023   65.95746792],
[ 42.95523305 -58.28095879 129.12485838],
[ -9.02612633 -34.27897929 169.02276882],
[  7.26136343 -38.94667428 158.53800365],
[ -3.15354528 -36.70035918 164.82161287],
[ -7.31068063 -37.33233405 167.70585168],
[ 27.06048083 -59.5481309  144.76938223],
[  3.53356114 -47.6880638  164.07800358],
[  3.53356114 -47.6880638  164.07800358],
[ 22.57474185 -44.77824416 157.83569738],
[ 10.69980005 -50.53134082 160.26214251],
[ 92.13724886 -73.86981578 107.83831665],
[ 92.13724886 -73.86981578 107.83831665],
[ 27.6561891  -59.23623666 150.89701258],
[ 44.22738583 -67.48422241 140.73009711],
[ 44.22738583 -67.48422241 140.73009711],
[ 107.36574423 -102.11881294   90.66021758],
[ 107.36574423 -102.11881294   90.66021758],
[ 16.90022878 -64.18551603 158.23281186],
[ 26.3983708  -56.81982079 160.36162179],
[109.70519256 -97.3877977  100.96286172],
[109.70519256 -97.3877977  100.96286172],
[ 41.82153575 -69.1750333  152.14732286],
[ 41.82153575 -69.1750333  152.14732286],
[ 34.48062046 -65.10604186 160.48724321],
[ 34.48062046 -65.10604186 160.48724321],
[105.86005853 -94.12758757 109.65688117],
[105.86005853 -94.12758757 109.65688117],
[113.89816746 -94.76130408 107.92852699],
]