[[[0,330,158],
[0,280,181],
[1,335,312],
[1,296,342],
[2,387,185],
[2,341,210],
[3,322,188],
[3,274,214],
[4,254,190],
[4,206,216],
[5,316,248],
[5,272,276],
[6,241,159],
[6,191,184],
[7,254,190],
[7,206,216],
[8,321,131],
[8,269,152],
[9,299,203],
[9,252,230],
[10,280,130],
[10,227,152],
[11,262,186],
[11,213,212],
[12,316,204],
[12,269,231],
[13,236,133],
[13,183,157],
[14,220,396],
[14,188,423],
[15,222,166],
[15,172,191],
[16,308,315],
[16,269,345],
[17,291,132],
[17,238,154],
[18,300,169],
[18,250,194],
[19,305,118],
[19,252,139],
[20,356,323],
[20,318,354],
[21,403,146],
[21,355,168],
[22,317,194],
[22,270,219],
[23,298,147],
[23,247,170],
[24,155,108],
[24,101,131],
[25,238,141],
[25,186,165],
[26,249,170],
[26,199,195],
[27,236,133],
[27,183,157],
[28,309,153],
[28,259,176],
[29,309,146],
[29,257,169],
[30,313,210],
[30,266,237],
[31,355,312],
[31,315,342],
[32,242,175],
[32,193,200],
[33,392,416],
[33,359,447],
[34,379,151],
[34,330,173],
[35,321,199],
[35,274,226],
[36,283,150],
[36,232,173],
[37,266,159],
[37,215,183],
[38,210,128],
[38,157,151],
[39,297,325],
[39,258,355],
[40,333,349],
[40,297,378],
[41,379,151],
[41,330,173],
[42,245,132],
[42,192,156],
[43,343,280],
[43,302,309],
[44,368,328],
[44,329,360],
[45,224,398],
[45,194,425],
[46,275,123],
[46,222,145],
[47,353,297],
[47,313,327],
[48,173,127],
[48,121,151],
[49,222,424],
[49,194,449],
[50,296,158],
[50,246,182],
[51,238,174],
[51,188,199],
[52,314,166],
[52,264,190],
[53,366,189],
[53,319,215],
[54,282,110],
[54,227,131],
[55,323,150],
[55,273,173],
[56,243,122],
[56,190,145],
[57,368,286],
[57,327,316],
[58,235,137],
[58,183,161],
[59,164,353],
[59,132,380],
[60,251,112],
[60,197,133],
[61,178,141],
[61,126,165],
[62,149,149],
[62,99,174],
[63,231,157],
[63,180,182],
[64,372,160],
[64,323,184],
[65,298,289],
[65,257,318],
[66,373,285],
[66,332,314],
[67,155,148],
[67,105,173],
[68,331,302],
[68,290,332],
[69,120,374],
[69,95,401],
[70,269,208],
[70,223,235],
[71,359,127],
[71,308,148],
[72,158,291],
[72,121,319],
[73,224,356],
[73,189,382],
[74,306,183],
[74,257,208],
[75,292,176],
[75,243,201],
[76,178,141],
[76,126,165],
[77,269,164],
[77,219,188],
[78,252,157],
[78,201,182],
[79,295,139],
[79,242,161],
[80,182,152],
[80,132,176],
[81,242,365],
[81,208,393],
[82,242,365],
[82,208,393],
[83,278,371],
[83,244,401],
[84,255,149],
[84,204,173],
[85,314,166],
[85,264,190],
[86,167,224],
[86,124,252],
[87,404,277],
[87,363,307],
[88,208,136],
[88,155,160],
[89,297,187],
[89,249,213],
[90,258,377],
[90,224,404],
[91,392,275],
[91,351,305],
[92,288,179],
[92,239,204],
[93,212,293],
[93,174,322],
[94,280,140],
[94,228,163],
[95,380,297],
[95,340,326],
[96,297,187],
[96,249,213],
[97,364,384],
[97,329,415],
[98,168,111],
[98,113,134],
[99,221,177],
[99,173,203],
[100,322,334],
[100,283,364],
[101,376,296],
[101,336,325],
[102,379,272],
[102,336,302],
[103,343,338],
[103,305,367],
[104,400,149],
[104,352,172],
[105,194,423],
[105,167,448],
[106,175,214],
[106,131,241],
[107,288,131],
[107,235,153],
[108,158,364],
[108,128,391],
[109,158,291],
[109,121,319],
[110,176,228],
[110,133,255],
[111,148,107],
[111,94,130],
[112,271,179],
[112,222,204],
[113,284,117],
[113,230,139],
[114,328,318],
[114,289,347],
[115,152,112],
[115,98,136],
[116,319,171],
[116,270,195],
[117,245,165],
[117,195,190],
[118,222,308],
[118,185,336],
[119,200,149],
[119,149,173],
[120,320,304],
[120,281,334],
[121,379,272],
[121,336,302],
[122,274,162],
[122,224,186],
[123,226,155],
[123,175,180],
[124,386,128],
[124,335,149],
[125,378,429],
[125,345,458],
[126,309,153],
[126,259,176],
[127,113,420],
[127,92,445],
[128,216,118],
[128,162,140],
[129,290,195],
[129,243,221],
[130,369,291],
[130,328,321],
[131,295,139],
[131,242,161],
[132,195,307],
[132,160,336],
[133,332,324],
[133,294,354],
[134,278,334],
[134,241,363],
[135,281,214],
[135,245,237],
[136,290,195],
[136,243,221],
[137,308,311],
[137,268,339],
[138,318,298],
[138,277,328],
[139,293,192],
[139,245,218],
[140,189,221],
[140,145,249],
[141,307,156],
[141,256,179],
[142,191,158],
[142,141,183],
[143,274,175],
[143,225,201],
[144,379,272],
[144,336,302],
[145,251,389],
[145,218,418],
[146,166,341],
[146,133,368],
[147,400,357],
[147,362,388],
[148,298,277],
[148,257,306],
[149,359,353],
[149,322,384],
[150,290,138],
[150,237,161],
[151,349,294],
[151,309,323],
[152,394,166],
[152,346,190],
[153,231,175],
[153,181,200],
[154,120,334],
[154,90,362],
[155,369,311],
[155,329,342],
[156,170,378],
[156,141,405],
[157,191,158],
[157,141,183],
[158,351,328],
[158,311,359],
[159,152,403],
[159,126,429],
[160,385,404],
[160,353,434],
[161,280,140],
[161,228,163],
[162,170,378],
[162,141,405],
[163,216,253],
[163,164,283],
[164,184,304],
[164,148,332],
[165,251,183],
[165,201,209],
[166,263,371],
[166,229,400],
[167,291,332],
[167,253,362],
[168,172,373],
[168,143,400],
[169,179,328],
[169,145,357],
[170,408,370],
[170,372,402],
[171,289,423],
[171,257,451],
[172,260,352],
[172,225,381],
[173,197,412],
[173,171,438],
[174,408,309],
[174,368,340],
[175,243,341],
[175,207,372],
[176,193,356],
[176,160,384],
[177,251,389],
[177,218,418],
[178,258,407],
[178,379,441],
[179,267,416],
[179,235,442],
[180,251,179],
[180,315,210],
[181,166,341],
[181,133,368],
[182,394,306],
[182,237,328],
[183,405,325],
[183,366,357],
[184,285,377],
[184,252,405],
[185,374,417],
[185,340,447],
[186,250,385],
[186,217,412],
[187,352,422],
[187,307,447],
[188,211,333],
[188,116,361],
[189,127,311],
[189,311,354],
[190,148,404],
[190,327,447],
[191,198,284],
[191,160,315],
],
[[[111,361],
[111,277],
[113,293],
[113,293],
[113,420],
[113,420],
[114,334],
[115,423],
[115,423],
[115,423],
[115,339],
[117,327],
[117,327],
[117,344],
[118,362],
[118,299],
[118,381],
[119,285],
[119,285],
[119,347],
[120,196],
[120,334],
[120,342],
[120,342],
[120,342],
[120,374],
[122,363],
[123,410],
[124,394],
[124,355],
[126,297],
[126,398],
[127,393],
[127,393],
[127,288],
[127,311],
[127,311],
[128,124],
[130,425],
[130,356],
[130,356],
[130,130],
[132,299],
[133,386],
[133,397],
[134,381],
[136,328],
[136,279],
[137,299],
[137,299],
[137,352],
[137,352],
[137,286],
[138,335],
[138,280],
[139,378],
[140,417],
[140,367],
[140,367],
[143,311],
[143,282],
[143,357],
[144,393],
[144,393],
[144,323],
[144,128],
[145,295],
[146,362],
[147,285],
[147,118],
[148,346],
[148,107],
[148,404],
[148,404],
[149,149],
[150,152],
[151,296],
[151,204],
[151,127],
[151,396],
[152,403],
[152,403],
[152,343],
[152,112],
[152,391],
[153,210],
[155,108],
[155,148],
[155,322],
[157,128],
[157,373],
[157,373],
[157,373],
[157,350],
[157,286],
[157,286],
[158,291],
[158,291],
[158,403],
[158,300],
[158,364],
[159,107],
[159,148],
[159,141],
[159,343],
[159,153],
[160,288],
[160,292],
[160,417],
[161,110],
[162,157],
[163,137],
[163,363],
[163,148],
[164,320],
[164,129],
[164,353],
[165,314],
[166,341],
[166,341],
[167,359],
[167,224],
[167,224],
[167,114],
[168,140],
[168,111],
[168,318],
[168,318],
[169,133],
[170,219],
[170,361],
[170,378],
[170,378],
[170,129],
[171,297],
[172,350],
[172,373],
[172,153],
[172,381],
[172,381],
[173,360],
[173,127],
[174,343],
[174,396],
[174,396],
[175,400],
[175,115],
[175,115],
[175,214],
[176,228],
[176,304],
[177,344],
[178,141],
[178,141],
[179,109],
[179,328],
[179,357],
[179,357],
[180,161],
[180,136],
[181,117],
[181,123],
[181,123],
[182,309],
[182,321],
[182,321],
[182,383],
[182,335],
[182,152],
[183,364],
[183,364],
[183,327],
[183,327],
[183,327],
[184,401],
[184,304],
[184,304],
[184,129],
[185,337],
[185,337],
[187,308],
[188,228],
[189,221],
[189,221],
[189,357],
[189,357],
[190,392],
[191,158],
[191,158],
[191,402],
[192,135],
[192,304],
[192,141],
[192,413],
[193,356],
[193,426],
[193,352],
[194,349],
[194,423],
[195,147],
[195,418],
[195,307],
[196,106],
[196,155],
[196,123],
[197,317],
[197,317],
[197,334],
[197,412],
[198,284],
[198,284],
[198,142],
[198,405],
[199,134],
[200,128],
[200,149],
[201,290],
[202,366],
[202,341],
[202,380],
[202,152],
[203,393],
[204,150],
[205,365],
[206,367],
[206,107],
[206,128],
[206,128],
[207,286],
[207,308],
[208,136],
[208,290],
[208,379],
[208,379],
[209,283],
[209,283],
[209,425],
[210,167],
[210,343],
[210,128],
[210,385],
[211,333],
[211,333],
[212,295],
[212,293],
[212,357],
[212,112],
[214,423],
[215,419],
[216,118],
[216,253],
[217,132],
[217,132],
[217,112],
[217,358],
[218,152],
[220,374],
[220,374],
[220,396],
[220,123],
[220,412],
[220,412],
[221,177],
[222,132],
[222,308],
[222,308],
[222,269],
[222,153],
[222,166],
[222,424],
[224,398],
[224,356],
[224,428],
[225,386],
[225,174],
[225,174],
[226,151],
[226,155],
[226,317],
[227,307],
[227,416],
[227,382],
[228,336],
[228,310],
[229,127],
[230,143],
[230,298],
[230,334],
[231,175],
[231,157],
[233,306],
[233,391],
[233,391],
[233,166],
[234,113],
[234,178],
[235,137],
[235,156],
[235,156],
[236,131],
[236,133],
[236,133],
[237,171],
[237,171],
[237,357],
[238,174],
[238,141],
[239,378],
[239,154],
[241,138],
[241,319],
[241,333],
[241,159],
[242,365],
[242,365],
[242,175],
[243,270],
[243,392],
[243,341],
[243,122],
[244,376],
[245,165],
[245,132],
[245,342],
[245,350],
[246,351],
[246,114],
[246,143],
[247,125],
[249,170],
[250,385],
[250,385],
[250,419],
[250,419],
[251,389],
[251,389],
[251,183],
[251,145],
[251,139],
[251,179],
[251,112],
[252,157],
[252,157],
[254,185],
[254,190],
[254,190],
[255,134],
[255,149],
[255,354],
[255,387],
[255,387],
[256,330],
[257,129],
[257,361],
[257,428],
[258,377],
[258,407],
[258,407],
[259,411],
[260,125],
[260,352],
[260,121],
[260,121],
[261,157],
[261,339],
[261,114],
[262,186],
[262,149],
[262,387],
[262,161],
[263,176],
[263,383],
[263,371],
[263,197],
[263,116],
[264,121],
[264,165],
[264,106],
[264,106],
[266,159],
[266,146],
[266,146],
[267,315],
[267,116],
[267,416],
[267,429],
[267,181],
[269,208],
[269,164],
[270,344],
[270,397],
[270,369],
[271,345],
[271,179],
[271,154],
[271,370],
[271,370],
[271,144],
[272,377],
[272,377],
[272,320],
[273,116],
[273,129],
[273,360],
[274,175],
[274,175],
[274,430],
[274,347],
[274,162],
[275,421],
[275,421],
[275,123],
[276,181],
[277,389],
[278,150],
[278,371],
[278,334],
[279,328],
[280,144],
[280,144],
[280,156],
[280,130],
[280,135],
[280,135],
[280,140],
[280,140],
[280,361],
[281,214],
[282,110],
[282,110],
[283,177],
[283,150],
[283,334],
[283,334],
[284,323],
[284,117],
[285,377],
[287,334],
[287,334],
[288,131],
[288,346],
[288,409],
[288,175],
[288,179],
[289,423],
[289,423],
[289,392],
[289,380],
[289,380],
[290,195],
[290,195],
[290,138],
[290,157],
[290,320],
[291,332],
[291,132],
[291,128],
[291,121],
[292,176],
[293,427],
[293,427],
[293,192],
[294,370],
[295,139],
[295,139],
[296,352],
[296,158],
[297,387],
[297,325],
[297,187],
[297,187],
[297,302],
[298,418],
[298,289],
[298,147],
[298,277],
[299,203],
[300,193],
[300,169],
[301,182],
[301,182],
[301,381],
[301,381],
[301,343],
[302,146],
[303,405],
[304,323],
[304,167],
[305,118],
[305,159],
[306,183],
[306,139],
[306,336],
[306,336],
[306,400],
[306,400],
[307,156],
[307,156],
[308,311],
[308,317],
[308,176],
[308,176],
[308,315],
[309,146],
[309,368],
[309,362],
[309,129],
[309,153],
[309,153],
[309,329],
[309,275],
[309,189],
[311,174],
[311,390],
[311,385],
[312,400],
[312,157],
[313,430],
[313,210],
[313,181],
[314,166],
[314,166],
[314,152],
[314,152],
[314,177],
[315,391],
[315,130],
[316,161],
[316,204],
[316,248],
[317,322],
[317,322],
[317,418],
[317,194],
[317,427],
[318,298],
[318,298],
[318,328],
[318,409],
[319,171],
[319,171],
[319,348],
[319,356],
[320,304],
[321,199],
[321,430],
[321,131],
[322,336],
[322,188],
[322,334],
[322,351],
[322,359],
[322,359],
[322,181],
[323,168],
[323,150],
[324,302],
[324,172],
[324,172],
[324,172],
[324,123],
[324,123],
[325,367],
[326,398],
[326,398],
[326,175],
[326,179],
[327,431],
[328,318],
[329,364],
[329,325],
[329,362],
[330,158],
[331,302],
[332,297],
[332,324],
[332,371],
[333,386],
[333,349],
[334,421],
[335,155],
[335,312],
[336,388],
[336,391],
[337,364],
[338,305],
[339,338],
[341,330],
[341,429],
[341,342],
[341,390],
[342,293],
[342,293],
[342,142],
[343,356],
[343,379],
[343,338],
[343,280],
[345,332],
[345,373],
[347,402],
[348,271],
[348,387],
[349,294],
[350,336],
[351,357],
[351,328],
[351,286],
[352,422],
[353,403],
[353,297],
[354,414],
[354,414],
[355,312],
[356,323],
[356,323],
[357,347],
[357,347],
[357,181],
[358,341],
[358,341],
[359,127],
[359,353],
[360,286],
[361,294],
[361,163],
[361,382],
[362,129],
[362,129],
[362,336],
[362,274],
[362,114],
[364,384],
[364,170],
[365,174],
[365,406],
[365,406],
[366,189],
[367,304],
[367,323],
[368,286],
[368,328],
[369,311],
[369,416],
[369,416],
[369,279],
[369,291],
[370,330],
[370,330],
[370,318],
[370,123],
[370,125],
[370,431],
[370,139],
[371,340],
[372,160],
[372,328],
[373,321],
[373,285],
[374,417],
[374,337],
[374,337],
[374,337],
[375,409],
[375,348],
[375,348],
[376,296],
[376,397],
[377,311],
[377,311],
[377,385],
[377,385],
[378,429],
[378,409],
[378,415],
[378,327],
[379,272],
[379,272],
[379,272],
[379,151],
[379,151],
[380,297],
[380,386],
[381,315],
[382,160],
[382,293],
[382,293],
[382,293],
[382,349],
[383,273],
[385,311],
[385,302],
[385,404],
[386,286],
[386,128],
[387,417],
[387,185],
[388,321],
[389,294],
[389,378],
[389,378],
[390,391],
[390,138],
[390,138],
[391,403],
[391,403],
[391,366],
[391,232],
[391,354],
[391,354],
[391,279],
[392,416],
[392,416],
[392,430],
[392,275],
[392,344],
[393,284],
[394,306],
[394,166],
[396,378],
[397,171],
[397,171],
[397,432],
[399,323],
[399,397],
[399,289],
[400,357],
[400,394],
[400,149],
[402,341],
[403,146],
[404,277],
[404,115],
[404,422],
[405,284],
[405,325],
[405,431],
[405,431],
[407,297],
[408,370],
[408,389],
[408,309],
[409,419],
[409,414],
[410,322],
[410,342],
[411,320],
[411,307],
[412,300],
[412,313],
[413,108],
[413,108],
],
[[68,128],
[73,133],
[76,149],
[77,146],
[79,369],
[80,344],
[80,146],
[83,323],
[83,376],
[84,417],
[86,310],
[86,387],
[87,377],
[87,272],
[87,441],
[88,415],
[88,306],
[88,306],
[88,336],
[88,151],
[90,426],
[90,362],
[90,362],
[92,233],
[92,445],
[92,350],
[94,130],
[94,389],
[94,402],
[95,401],
[95,331],
[95,413],
[96,148],
[97,406],
[98,168],
[98,136],
[98,151],
[99,174],
[100,435],
[100,439],
[100,397],
[101,131],
[101,371],
[101,159],
[101,159],
[101,144],
[102,382],
[102,351],
[102,432],
[103,101],
[103,369],
[104,152],
[104,130],
[105,173],
[105,143],
[106,181],
[106,363],
[107,311],
[107,133],
[107,231],
[107,134],
[108,449],
[109,178],
[110,143],
[110,143],
[110,135],
[110,323],
[111,173],
[111,162],
[111,392],
[111,154],
[111,333],
[112,403],
[113,408],
[113,134],
[114,369],
[116,250],
[116,387],
[116,361],
[117,182],
[118,154],
[118,349],
[119,343],
[119,343],
[121,151],
[121,165],
[121,319],
[121,319],
[121,155],
[121,155],
[122,128],
[122,179],
[123,329],
[123,143],
[124,358],
[124,252],
[125,324],
[126,429],
[126,165],
[126,165],
[126,433],
[126,433],
[128,391],
[128,374],
[128,148],
[129,417],
[129,183],
[130,350],
[131,241],
[132,373],
[132,373],
[132,380],
[132,176],
[133,255],
[133,148],
[133,438],
[133,368],
[133,368],
[134,346],
[134,350],
[135,436],
[135,436],
[136,131],
[136,169],
[136,169],
[137,448],
[138,364],
[138,364],
[141,183],
[141,183],
[141,183],
[141,128],
[141,405],
[141,405],
[141,405],
[142,165],
[143,400],
[143,150],
[143,150],
[144,447],
[145,394],
[145,188],
[145,357],
[145,249],
[146,341],
[146,341],
[148,332],
[148,322],
[148,271],
[149,173],
[150,187],
[150,187],
[150,412],
[150,336],
[150,392],
[152,436],
[152,436],
[152,436],
[152,366],
[153,68],
[154,433],
[155,379],
[155,418],
[155,160],
[156,147],
[156,444],
[156,444],
[157,427],
[157,151],
[157,151],
[158,65],
[159,409],
[159,409],
[159,409],
[159,178],
[160,336],
[160,384],
[160,315],
[160,315],
[160,315],
[160,315],
[160,409],
[161,158],
[161,352],
[161,352],
[162,347],
[162,181],
[162,140],
[164,283],
[164,436],
[164,194],
[165,66],
[165,380],
[166,366],
[166,177],
[167,448],
[168,314],
[170,394],
[170,432],
[170,354],
[170,354],
[170,337],
[171,438],
[171,178],
[171,67],
[172,407],
[172,407],
[172,191],
[173,203],
[174,322],
[174,176],
[175,396],
[175,180],
[175,417],
[175,441],
[175,441],
[176,142],
[177,363],
[177,351],
[178,205],
[179,385],
[179,306],
[180,329],
[180,329],
[180,329],
[180,147],
[180,182],
[180,455],
[181,200],
[181,200],
[183,161],
[183,157],
[183,157],
[183,192],
[184,206],
[184,72],
[184,170],
[185,336],
[185,347],
[185,347],
[186,165],
[186,386],
[186,386],
[186,386],
[187,341],
[187,450],
[187,391],
[188,179],
[188,72],
[188,188],
[188,199],
[188,423],
[188,423],
[188,161],
[189,176],
[189,176],
[189,192],
[189,388],
[189,382],
[190,145],
[190,339],
[191,184],
[192,156],
[192,187],
[193,406],
[193,200],
[194,333],
[194,449],
[194,178],
[194,335],
[194,175],
[194,425],
[195,167],
[195,190],
[197,350],
[197,133],
[198,194],
[198,450],
[199,453],
[199,195],
[199,74],
[200,163],
[200,137],
[200,338],
[200,347],
[201,182],
[201,209],
[202,157],
[202,142],
[203,273],
[203,335],
[203,152],
[203,152],
[203,350],
[204,193],
[204,193],
[204,173],
[204,386],
[204,432],
[204,445],
[205,362],
[205,167],
[206,355],
[206,355],
[206,339],
[206,450],
[206,450],
[206,216],
[206,216],
[206,216],
[207,415],
[207,135],
[207,372],
[207,406],
[208,295],
[208,436],
[208,393],
[208,393],
[209,347],
[209,347],
[209,139],
[209,136],
[209,366],
[209,295],
[210,143],
[210,174],
[213,137],
[213,145],
[213,212],
[213,336],
[215,170],
[215,170],
[215,170],
[215,256],
[215,183],
[215,342],
[216,166],
[217,412],
[217,412],
[218,418],
[218,418],
[218,418],
[219,138],
[219,188],
[219,384],
[219,384],
[220,168],
[220,179],
[220,325],
[222,145],
[222,145],
[222,204],
[222,428],
[223,235],
[223,444],
[223,73],
[223,73],
[224,330],
[224,404],
[224,186],
[224,356],
[224,368],
[225,201],
[225,381],
[226,103],
[227,174],
[227,174],
[227,353],
[227,439],
[227,439],
[227,152],
[227,131],
[227,207],
[227,207],
[228,72],
[228,72],
[228,168],
[228,163],
[228,163],
[228,455],
[228,434],
[229,289],
[229,86],
[229,400],
[229,408],
[229,408],
[230,443],
[230,443],
[230,139],
[230,155],
[230,155],
[230,206],
[232,173],
[232,190],
[232,190],
[232,369],
[233,203],
[233,366],
[234,423],
[234,149],
[235,162],
[235,442],
[235,442],
[235,153],
[235,101],
[236,218],
[237,90],
[237,90],
[237,94],
[237,94],
[237,328],
[237,161],
[238,390],
[238,154],
[238,351],
[239,182],
[239,181],
[239,204],
[240,87],
[240,367],
[241,426],
[241,413],
[241,413],
[241,363],
[242,161],
[242,161],
[243,221],
[243,221],
[243,419],
[243,419],
[243,201],
[243,100],
[244,401],
[245,205],
[245,218],
[245,237],
[246,377],
[246,72],
[246,182],
[247,88],
[247,170],
[247,170],
[248,380],
[249,326],
[249,213],
[249,213],
[250,184],
[250,184],
[250,75],
[250,194],
[251,100],
[251,169],
[251,335],
[252,139],
[252,219],
[252,219],
[252,230],
[252,405],
[253,362],
[253,88],
[253,444],
[254,88],
[255,419],
[255,440],
[255,236],
[255,377],
[256,179],
[257,306],
[257,451],
[257,152],
[257,422],
[257,318],
[257,208],
[257,332],
[257,169],
[258,355],
[259,176],
[259,176],
[260,441],
[260,107],
[260,66],
[261,102],
[261,407],
[262,97],
[262,181],
[263,387],
[263,77],
[263,152],
[263,175],
[263,175],
[263,362],
[264,190],
[264,190],
[264,215],
[265,73],
[265,330],
[266,225],
[266,385],
[266,237],
[266,237],
[267,76],
[267,356],
[267,175],
[267,175],
[268,193],
[268,428],
[268,428],
[268,339],
[269,345],
[269,231],
[269,152],
[270,219],
[270,195],
[272,276],
[273,173],
[273,65],
[274,347],
[274,214],
[274,226],
[274,351],
[274,351],
[275,459],
[275,148],
[275,440],
[275,440],
[276,393],
[277,328],
[277,411],
[278,383],
[278,373],
[278,373],
[279,342],
[280,181],
[281,334],
[281,215],
[281,426],
[282,385],
[283,364],
[284,368],
[284,368],
[285,380],
[286,456],
[286,448],
[288,413],
[288,413],
[288,117],
[288,117],
[288,372],
[288,440],
[289,347],
[290,332],
[294,354],
[294,70],
[294,64],
[295,460],
[295,362],
[296,342],
[296,450],
[297,421],
[297,378],
[297,378],
[297,75],
[297,448],
[298,69],
[300,420],
[300,363],
[301,368],
[301,136],
[302,309],
[302,326],
[303,360],
[303,441],
[303,425],
[303,345],
[303,335],
[305,186],
[305,367],
[305,437],
[305,374],
[305,382],
[305,382],
[307,447],
[307,447],
[308,148],
[308,148],
[308,424],
[308,424],
[309,323],
[309,334],
[309,334],
[309,458],
[310,403],
[310,133],
[310,64],
[311,354],
[311,67],
[311,359],
[311,150],
[312,126],
[313,327],
[314,69],
[314,377],
[315,210],
[315,210],
[315,342],
[315,368],
[316,198],
[317,64],
[317,75],
[317,288],
[317,297],
[318,354],
[318,463],
[318,335],
[319,315],
[319,146],
[319,215],
[319,143],
[319,417],
[320,426],
[320,161],
[322,325],
[322,325],
[322,384],
[322,312],
[323,189],
[323,184],
[323,320],
[323,320],
[325,366],
[325,318],
[325,342],
[326,413],
[326,360],
[326,360],
[326,331],
[327,211],
[327,316],
[327,335],
[327,447],
[328,321],
[329,342],
[329,415],
[329,360],
[330,425],
[330,353],
[330,173],
[330,173],
[331,300],
[331,349],
[332,314],
[333,357],
[333,357],
[333,201],
[335,149],
[336,325],
[336,428],
[336,428],
[336,302],
[336,302],
[336,302],
[338,347],
[339,332],
[340,447],
[340,326],
[340,358],
[340,358],
[341,210],
[343,313],
[343,348],
[344,305],
[344,309],
[344,309],
[344,405],
[344,405],
[344,436],
[345,458],
[345,458],
[346,190],
[348,222],
[349,337],
[349,454],
[350,385],
[351,305],
[351,296],
[352,172],
[352,134],
[352,368],
[353,434],
[353,337],
[353,337],
[354,228],
[354,70],
[355,385],
[355,168],
[355,168],
[356,375],
[356,375],
[356,375],
[357,173],
[357,296],
[357,203],
[358,407],
[359,447],
[361,334],
[362,388],
[362,341],
[363,307],
[363,373],
[363,373],
[363,299],
[364,367],
[365,73],
[365,319],
[365,319],
[366,390],
[366,357],
[366,439],
[367,327],
[367,327],
[367,458],
[367,458],
[368,386],
[368,340],
[368,399],
[369,74],
[371,436],
[372,402],
[372,455],
[372,352],
[373,362],
[375,220],
[376,420],
[376,307],
[376,463],
[376,463],
[376,164],
[376,164],
[378,447],
[379,133],
[379,441],
[381,74],
[382,425],
[382,101],
[383,256],
[384,63],
[384,407],
[384,192],
[384,382],
[384,382],
[388,352],
[388,223],
[390,368],
[390,171],
[392,273],
[392,240],
[392,197],
[393,168],
[393,89],
[393,265],
[395,98],
[395,98],
[396,350],
[396,398],
[396,398],
[396,176],
[396,263],
[397,188],
[398,410],
[398,211],
[399,341],
[400,85],
[401,215],
[402,226],
[402,315],
[403,367],
[404,265],
[404,265],
[404,394],
[406,71],
[408,298],
[409,214],
[409,292],
[410,221],
[411,329],
[412,369],
[413,264],
[414,345],
[416,350],
[417,216],
[420,270],
[420,318],
[420,353],
[421,349],
],
],
]